$ 1 0.000005 4.078577355933338 50 5 43 5e-11
R 192 128 192 32 0 0 40 20 0 0 0.5
w 256 256 192 256 0
w 192 256 192 320 0
w 192 256 192 208 0
209 256 256 272 256 4 0.00033 11.189876938618111 0.001 0 1
g 192 352 192 464 0 0
w 272 256 320 256 0
w 320 256 384 256 0
r 384 256 384 352 0 8
g 384 352 384 464 0 0
r 96 192 96 128 0 100
w 96 128 192 128 0
209 96 192 0 192 4 0.000022 6.089341803714065 0.001 0 1
d 96 192 96 256 2 default
d 96 256 96 320 2 default
209 80 336 0 336 4 0.000022 14.742045872868408 0.001 0 1
r 96 336 96 416 0 100
g 96 416 96 464 0 0
w 0 336 0 256 0
w 0 192 0 256 0
w 0 256 -48 256 0
w -48 256 -48 320 0
t 112 336 192 336 2 -1 19.738951084242355 8.549074145642289 100 default
t 96 192 192 192 2 1 -8.913752984911987 -0.10362992351205413 100 default
v -48 320 -48 352 0 1 40 5 0 0 0.5
w -48 352 -48 384 0
g -48 384 -48 448 0 0
w 96 320 96 336 0
w 80 336 112 336 0
w 192 128 192 176 0
